CMOS Dumper V0.1.:)
DSDT has RTC Length of 2. Dumped 128 Bytes.
--------------------------------------------------
  0  1  2  3  4  5  6  7  8  9  A  B  C  D  E  F  |
--------------------------------------------------
0|58 23 54 34 08 10 00 20 05 18 26 02 50 80 00 00 |
1|00 00 00 00 00 7b 02 ff ff 00 00 00 00 00 00 00 |
2|00 00 00 00 00 00 00 00 00 00 00 00 00 00 02 7b |
3|ff ff 20 00 00 b6 06 00 00 00 00 00 00 00 00 00 |
4|00 00 4b 82 ec 58 00 00 00 00 00 00 00 00 00 00 |
5|00 00 00 00 03 00 00 00 00 00 00 00 00 00 00 00 |
6|00 00 00 00 00 00 00 00 00 00 00 00 01 00 00 a5 |
7|00 00 00 00 00 00 00 00 00 70 00 00 00 00 00 00 |
--------------------------------------------------
By observtion of the CHANGED bytes from Sleep/Wake Cycles
You MAY get some idea as to why CMOS RESET bug exists!!!!
